Boeing_747, USA, 1998, 5000.5, false, 183500.0, 59.6, 988.0, 416, 260000000.0
Airbus_A320, France, 2005, 3000.0, false, 73500.0, 34.1, 828.0, 180, 98000000.0
Cessna_172, USA, 2010, 1200.75, false, 1045.0, 11.0, 302.0, 4, 275000.0
Lockheed_Martin_F-22, USA, 2012, 800.5, true, 19700.0, 13.6, 2410.0, 1, 150000000.0
Sukhoi_Su-57, Russia, 2020, 150.0, true, 18400.0, 14.0, 2600.0, 1, 35000000.0
Dassault_Rafale, France, 2015, 1200.0, true, 10800.0, 10.8, 2130.0, 1, 75000000.0
Gulfstream_G650, USA, 2018, 3000.0, false, 44700.0, 30.4, 982.0, 18, 65000000.0
Beechcraft_King_Air_350, USA, 2000, 4000.5, false, 6803.0, 17.6, 578.0, 11, 7800000.0
Bombardier_Global_7500, Canada, 2019, 1500.0, false, 48500.0, 31.7, 982.0, 19, 72000000.0
Embraer_Phenom_300, Brazil, 2016, 2500.0, false, 7950.0, 16.2, 839.0, 9, 9200000.0
